0.007836047446772063
0.006149313145551238
0.005403376094061852
0.0041159825404768514
0.002956413412109318
0.002240445611452431
0.0016475394370491353
0.0014892092167313616
0.001152040663484917
0.0016080419207833967
0.0018996190216535934
0.002108401937803599
0.002756812303756237
0.00322215078632198
0.0035070573781248292
0.004086158413102543
0.005388550903373962
0.006544082477118507
0.006759529019689229
0.006149313145551238
0.005213218546220203
0.004602146870309911
0.0035606796776259286
0.0026349722876475353
0.002040554115001373
0.0014964249528845951
0.00125651421751624
0.0010236979357323027
0.0013961696095917762
0.0015863280915678578
0.0017113595730384775
0.002102717189652888
0.0022422067714017594
0.0022487237755644453
0.002548987668361392
0.0034918681192041777
0.004451784589622459
0.004939407557659852
0.005403376094061852
0.004602146870309911
0.004241816518725043
0.003408473715908646
0.0025849201886947197
0.0020283865747471753
0.0015364070630722252
0.001246592654769522
0.0008574254110310314
0.0010746137668679724
0.001200320570571481
0.0013250196398614396
0.001665747634918394
0.0017661774420120616
0.0018061752841461495
0.002173181064166524
0.003038053430985792
0.0038485880050352105
0.0041282845513239165
0.0041159825404768514
0.0035606796776259286
0.003408473715908646
0.0029050773062321337
0.002331875007863473
0.0019169435347531755
0.0015924408685806563
0.0013307964790852088
0.0009051859273457866
0.0009825994758672937
0.0010739183968698461
0.0012312063893035006
0.0015105274437892157
0.0015639426877697125
0.0016398623779392098
0.0019377433304709596
0.0024829750947700634
0.003016246240232478
0.0031492893667823332
0.002956413412109318
0.0026349722876475353
0.0025849201886947197
0.002331875007863473
0.001986917777016329
0.0017129004917479551
0.0015458923626926124
0.0013502919463806212
0.0009918805522719572
0.001011867568333733
0.0010955385258091335
0.0012669005932931928
0.001476948693230899
0.0014726087286580992
0.0015498920631981173
0.0017421227550770948
0.0020102063198720144
0.002360849319778636
0.0025002460894895575
0.002240445611452431
0.002040554115001373
0.0020283865747471753
0.0019169435347531755
0.0017129004917479551
0.0015563016643169937
0.001509721798234866
0.0013745132245244498
0.0011021249791926192
0.001107590256178087
0.0011935498082374146
0.0013490225202599214
0.0014817673696227937
0.0014163955120863282
0.0014468346254315726
0.0015630671748076638
0.001706535432942307
0.002018690787348937
0.0022924744089232534
0.0016475394370491353
0.0014964249528845951
0.0015364070630722252
0.0015924408685806563
0.0015458923626926124
0.001509721798234866
0.0016488319154324453
0.0016280790071502788
0.001442244086772988
0.0014773470419234187
0.0015942071207363183
0.0017701388691509629
0.00188737551473435
0.0018374779579592606
0.0019795149501764366
0.0022034443926683203
0.002373925079294293
0.0027762872858463367
0.003228163357233405
0.0014892092167313616
0.00125651421751624
0.001246592654769522
0.0013307964790852088
0.0013502919463806212
0.0013745132245244498
0.0016280790071502788
0.0017454770944291106
0.0016912285491001884
0.0018344956230890175
0.0020268689455681583
0.002217832993386921
0.002341442220116209
0.0023245770210246356
0.0025490927834782655
0.0028240169444925505
0.00304028498525938
0.003577137832508133
0.004207101401463523
0.001152040663484917
0.0010236979357323027
0.0008574254110310314
0.0009051859273457866
0.0009918805522719572
0.0011021249791926192
0.001442244086772988
0.0016912285491001884
0.0019162635793549244
0.002235435666179275
0.0024914401257385165
0.0026302805735399816
0.0026604208123967355
0.002557345941302576
0.0026952773766154106
0.0028898466378085214
0.0031413962519328195
0.0038881425548845986
0.004987362643840052
0.0016080419207833967
0.0013961696095917762
0.0010746137668679724
0.0009825994758672937
0.001011867568333733
0.001107590256178087
0.0014773470419234187
0.0018344956230890175
0.002235435666179275
0.002762258901375292
0.0031070028380167695
0.0032340914113159337
0.003271240653900331
0.003171425073159472
0.0033501879025757595
0.0036484418015221157
0.004148624865151886
0.005242926978252809
0.006736849826260756
0.0018996190216535934
0.0015863280915678578
0.001200320570571481
0.0010739183968698461
0.0010955385258091335
0.0011935498082374146
0.0015942071207363183
0.0020268689455681583
0.0024914401257385165
0.0031070028380167695
0.0035664922459863846
0.003737288153275025
0.003764172788044371
0.0036063769506392627
0.0037085446840110117
0.0038108753366513514
0.0041102904842512085
0.005213583874570039
0.006825990033461755
0.002108401937803599
0.0017113595730384775
0.0013250196398614396
0.0012312063893035006
0.0012669005932931928
0.0013490225202599214
0.0017701388691509629
0.002217832993386921
0.0026302805735399816
0.0032340914113159337
0.003737288153275025
0.003996438871416664
0.004126110296587271
0.004059208857177244
0.004267230706206473
0.004334237405584319
0.004469156412491028
0.005422017760565452
0.006821296120170436
0.002756812303756237
0.002102717189652888
0.001665747634918394
0.0015105274437892157
0.001476948693230899
0.0014817673696227937
0.00188737551473435
0.002341442220116209
0.0026604208123967355
0.003271240653900331
0.003764172788044371
0.004126110296587271
0.004532623971714376
0.004815691078726299
0.005425465387237164
0.00584966741759903
0.006240179413531474
0.007169098488030045
0.008161356102970783
0.00322215078632198
0.0022422067714017594
0.0017661774420120616
0.0015639426877697125
0.0014726087286580992
0.0014163955120863282
0.0018374779579592606
0.0023245770210246356
0.002557345941302576
0.003171425073159472
0.0036063769506392627
0.004059208857177244
0.004815691078726299
0.005615866802776333
0.006826886434436197
0.007877532538231357
0.00877925316342466
0.009728513612775857
0.010185675705187395
0.0035070573781248292
0.0022487237755644453
0.0018061752841461495
0.0016398623779392098
0.0015498920631981173
0.0014468346254315726
0.0019795149501764366
0.0025490927834782655
0.0026952773766154106
0.0033501879025757595
0.0037085446840110117
0.004267230706206473
0.005425465387237164
0.006826886434436197
0.008888134416676206
0.01093815866849297
0.012684105622659576
0.013886137566106887
0.013920945841782812
0.004086158413102543
0.002548987668361392
0.002173181064166524
0.0019377433304709596
0.0017421227550770948
0.0015630671748076638
0.0022034443926683203
0.0028240169444925505
0.0028898466378085214
0.0036484418015221157
0.0038108753366513514
0.004334237405584319
0.00584966741759903
0.007877532538231357
0.01093815866849297
0.014641983684083792
0.018181591154763498
0.02031626237359465
0.020414084963935736
0.005388550903373962
0.0034918681192041777
0.003038053430985792
0.0024829750947700634
0.0020102063198720144
0.001706535432942307
0.002373925079294293
0.00304028498525938
0.0031413962519328195
0.004148624865151886
0.0041102904842512085
0.004469156412491028
0.006240179413531474
0.00877925316342466
0.012684105622659576
0.018181591154763498
0.024024272231065225
0.027627002372400625
0.028362101495799454
0.006544082477118507
0.004451784589622459
0.0038485880050352105
0.003016246240232478
0.002360849319778636
0.002018690787348937
0.0027762872858463367
0.003577137832508133
0.0038881425548845986
0.005242926978252809
0.005213583874570039
0.005422017760565452
0.007169098488030045
0.009728513612775857
0.013886137566106887
0.02031626237359465
0.027627002372400625
0.03259230542393924
0.03451601941566307
0.006759529019689229
0.004939407557659852
0.0041282845513239165
0.0031492893667823332
0.0025002460894895575
0.0022924744089232534
0.003228163357233405
0.004207101401463523
0.004987362643840052
0.006736849826260756
0.006825990033461755
0.006821296120170436
0.008161356102970783
0.010185675705187395
0.013920945841782812
0.020414084963935736
0.028362101495799454
0.03451601941566307
0.03829650157545077
